.Random.seed <-
c(403L, 10L, 1332376203L, -732507462L, -1738957380L, -410433793L, 
117705301L, -1189597844L, -735533630L, -453032419L, -176128361L, 
-1002473474L, -927382600L, 1757667227L, -652605959L, -1401682616L, 
302354550L, -1908728399L, -1186970653L, -1406467918L, -10146556L, 
539651655L, 1894832413L, -1438525548L, 1850907450L, -1693407355L, 
1004868703L, 1321852646L, -1802525328L, -232485229L, 768030513L, 
1869475296L, 423565950L, 989956361L, -910333125L, 323822346L, 
-1923257620L, 1179248495L, 844286117L, 370778716L, -325578190L, 
-813344467L, -493936665L, 1502766862L, 1913125096L, -69924117L, 
-31718519L, -1840226536L, -2128149946L, 1307746977L, -119700173L, 
-731202398L, 172405652L, -902616553L, 978595341L, 2093140772L, 
491083530L, -1456342411L, 1343711695L, -720833834L, -854157696L, 
1479743683L, -1080928671L, -1330549040L, 1802385454L, -791294503L, 
855093739L, 1296118874L, -1889710564L, 505691935L, 1019597685L, 
1366071820L, 1466047458L, 833284285L, -396519625L, 1824022494L, 
-1180562152L, 542105723L, -1521879527L, 1416872L, 721841238L, 
897706193L, 384685187L, 1164883730L, -1711435100L, 1458298471L, 
-2031358019L, -946618060L, 1745019546L, 1348002021L, 1128178303L, 
582405126L, -1042579568L, -242261453L, -1383712303L, -1300075648L, 
489604702L, 577805737L, -1717040037L, -1438763926L, 1033473292L, 
1508937551L, -1350677499L, -1798483268L, 1201505170L, 595804301L, 
-855632185L, 1063894958L, 1155238408L, 113602059L, -688118039L, 
2027119032L, -167190938L, 1092877057L, -778711661L, 946087490L, 
-382305804L, -1585142793L, -1707960339L, -915730300L, 2077206186L, 
2138176533L, -1536652113L, 266453686L, 1604747488L, -1083429853L, 
-2081950911L, 1558224432L, -1882260402L, 1788777657L, -2125786933L, 
508607866L, 1120297084L, 1515324607L, -1056140907L, 754858412L, 
-623121534L, 574984541L, 91639895L, -565516482L, 559574904L, 
-2105801637L, 160535481L, -636341752L, 392640694L, -1056251919L, 
414755363L, -845577614L, -2071611196L, -684773753L, 466576989L, 
-30422956L, 853121658L, 951517637L, 739496735L, 727948966L, -2052845520L, 
1230934739L, 910608625L, 514372640L, -1339665730L, 751507145L, 
1716204667L, -829576630L, -1059369300L, 1887734191L, -1761664667L, 
833924892L, -564505742L, -601829395L, -991764441L, -708798386L, 
-1668031320L, -1015852373L, 529872841L, 355167192L, -1346733434L, 
1474919265L, -591888653L, -872251038L, 526999508L, 1539001047L, 
802631885L, -1974941596L, 1672930890L, 1158452149L, -823505137L, 
-673166314L, 1582110400L, -1629892477L, -696628063L, -541973872L, 
2117509486L, 1037967129L, -296397909L, 879395226L, 1280374108L, 
-1494471585L, -878824395L, -1613492276L, 1233595170L, 902804861L, 
2046310007L, -153333858L, 1252159064L, -765229125L, -1202820775L, 
51274472L, -438199530L, 1710550161L, -759111357L, -1165300654L, 
327266020L, -1944151769L, 1441970557L, -1780977548L, -1106955686L, 
-282370395L, 1860234431L, -1150046394L, -277639728L, 1345859571L, 
-853035247L, -700057792L, 739868446L, -424587287L, -2060114661L, 
-1133904086L, 2028400716L, 900304882L, 1293188224L, -2054653708L, 
1367389320L, 1879663930L, 331957072L, -528208788L, 119660692L, 
-412567214L, 1667645152L, -1012133684L, -116402016L, -1546102398L, 
2108553448L, 739219692L, 1847662652L, -440229774L, 684468336L, 
-2066292188L, -964451784L, 347449882L, 1982992592L, 249542204L, 
1799638164L, 277386370L, -1059518528L, -244863684L, 11189904L, 
1574687778L, -1747349496L, 1055702156L, -387858404L, -1028348782L, 
-1404416896L, -1522547692L, -677256408L, 199627834L, -1900630832L, 
-1161218964L, 851547828L, -1871585262L, -910311456L, 252545996L, 
1049017824L, -503083998L, 1684297000L, -450340596L, -1748840900L, 
-1423457038L, 2065463536L, 1241167684L, 497414232L, 1350631994L, 
-1444919056L, 136880828L, 67586580L, 1819913410L, 96613984L, 
-400784004L, -1054186288L, -35539934L, 305481896L, 1116511628L, 
995402172L, 1738672178L, -39365824L, -2086658380L, -1816751800L, 
230306490L, -1949663472L, 903545068L, -418760620L, -558643438L, 
-1833049696L, -2072614964L, -836952224L, -596988734L, -19214808L, 
181758380L, -3529924L, 59794290L, -1819111632L, -1556512732L, 
-644858312L, -1559915814L, 1730467728L, 141227260L, -1682748012L, 
1160872770L, -72037888L, -882014148L, 1044628048L, -1391378270L, 
1214301000L, 1626028556L, -86697252L, -1029984174L, 372608128L, 
781469524L, -1085161496L, -104582406L, 1728857936L, 562947116L, 
-1028765324L, -1799180654L, -620764576L, 243576972L, -1049407136L, 
-848979742L, -2028639064L, -1492527412L, -339355140L, -737375310L, 
-352238608L, -1442741820L, 454049112L, -84938374L, 645165488L, 
1667770812L, -1442906540L, -1573774910L, -1822145760L, 293352380L, 
368955472L, -1531683870L, -1546027160L, -1478011060L, -2120667396L, 
-1520122126L, -114262784L, 986086516L, -1227854328L, -960748102L, 
-534567472L, -665262100L, -1941066860L, 436103378L, 2067485792L, 
1959562572L, 1324839712L, 987703938L, 1303892456L, 1981963244L, 
1442074172L, 375408242L, 9923440L, -1325003484L, 1320327736L, 
1461879194L, 808046032L, 427935164L, -203944300L, 1833890434L, 
-2121347648L, -624601284L, -1998871920L, 791848738L, -65124856L, 
-207625460L, -1364659300L, 1537031186L, 2092829568L, -1348793580L, 
-1237969624L, -1638817734L, -1189973040L, -1368958356L, 1180478516L, 
-2102906734L, 738163040L, -722158260L, 115217888L, 161184674L, 
-476283992L, -134845300L, -1493703748L, -42937230L, 1037051888L, 
1064965188L, -1217779624L, 784019514L, 868231280L, 2014342716L, 
-1111791852L, -1882682686L, 1012413152L, 2122032252L, 1112394960L, 
-910195806L, 1297514024L, 1058320652L, -676808772L, -1780022990L, 
-1007363904L, 778744372L, 441969352L, -933113158L, 1609784464L, 
887977708L, -1636198828L, 502183570L, 1688282912L, 1260312524L, 
2018126048L, -2014699838L, -1838713816L, -1272923220L, -604570948L, 
-432774670L, 1887917616L, 349378468L, 485536184L, 777063258L, 
1217946768L, -1128580228L, 401190676L, 2069327170L, 368242432L, 
-1003127876L, -1309520048L, -1540067038L, 592710216L, 1259845644L, 
1908059228L, -228224558L, 2096543232L, 146592084L, -1068267755L, 
1155833663L, 162978520L, 1605877494L, -1860691709L, 1530792517L, 
1012664930L, 1369639376L, 1804678905L, 1924858923L, 1582023580L, 
-2040570934L, 929002687L, 960861705L, -1616634082L, 1267525324L, 
2113750685L, 908907303L, 1067318608L, -917945362L, -1720079205L, 
588596989L, -1847964182L, 993681032L, -1535391695L, -890023261L, 
2012248740L, 310471506L, -1738251609L, -941310223L, -1396814282L, 
-2014702892L, 1129309797L, -1131989905L, 1621855912L, -881923066L, 
-164832973L, -1018198635L, 589433330L, 593782336L, 1231751081L, 
-1657198053L, -1446910996L, 371229690L, 124399663L, 810819641L, 
1777365582L, -1135357284L, 744978445L, 259236983L, -658541440L, 
442295006L, -748482133L, -1298265427L, -1091121382L, 298799064L, 
-365618111L, 941050611L, 651103508L, -200320862L, 196883895L, 
2117503361L, -344068218L, 317717956L, -174482187L, -1991838369L, 
1860712376L, -1427572074L, -1287248733L, -1713217947L, -1718023294L, 
-753145616L, 1832587417L, -405051253L, 474009980L, -445427798L, 
2002317279L, -712876695L, -1686838914L, -2136854164L, -83072579L, 
-133244281L, 1215356528L, -1612405490L, 1215638075L, 770478365L, 
-975117366L, -324821784L, -1733410863L, -548015677L, 642644676L, 
1726298482L, 1199580231L, 1045473297L, -59641450L, -1694391052L, 
2025803397L, 776792015L, -1184889144L, -180314266L, 1847641491L, 
1570535157L, -1859684654L, -1239629536L, 1107128585L, -760154565L, 
-1472533620L, -98047462L, 1605663375L, -1611029031L, 2068343406L, 
-698664452L, 77421421L, -223140585L, 2062815456L, 1736001214L, 
1414505611L, 761598733L, -607374534L, -1883600008L, 1758181665L, 
-713174573L, -1987018508L, 1319158146L, 1224475671L, -1013558559L, 
749702182L, -1889871580L, 1110907349L, -1160727169L, -295646184L, 
-1111276746L, 458356163L, -1843495931L, 1943377826L, -1942375536L, 
